url_path,views_total,views_unique
/EarthSciML/Aerosol.jl/blob/main/src/tomas.jl.rtf,2,1
/EarthSciML/Aerosol.jl/blob/main/src/VBS.jl,2,1
/EarthSciML/Aerosol.jl,1,1
/EarthSciML/Aerosol.jl/blob/main/src/Aerosol.jl,1,1
/EarthSciML/Aerosol.jl/blob/main/src/isorropia/isorropia.jl,1,1
/EarthSciML/Aerosol.jl/blob/main/src/isorropia/reactions.jl,1,1
/EarthSciML/Aerosol.jl/blob/main/src/isorropia/solid.jl,1,1
/EarthSciML/Aerosol.jl/blob/main/src/isorropia/species.jl,1,1
/EarthSciML/Aerosol.jl/blob/main/src/TOMAS.jl,1,1
/EarthSciML/Aerosol.jl/blob/main/test/VBS_test.jl,1,1
